1 2064 2178
2 2045 2783
3 1619 9974
4 1593 9845
5 1680 5166
6 2180 1241
7 1946 2776
8 1149 5870
9 1791 9630
10 1834 4721
11 2067 695
12 1280 4699
13 1811 508
14 1829 9817
15 2136 799
16 1973 411
17 1963 472
18 1987 4098
19 1964 905
20 1754 9808
21 1239 7029
22 486 4492
23 1159 4959
24 1520 4674
25 1068 4632
26 1919 6424
27 1251 6829
28 1166 5965
29 1504 6829
30 734 5455
31 1819 4779
32 741 5561
33 1210 5302
34 2368 8152
35 1951 7060
36 969 5843
37 865 5844
38 1241 5186
39 995 5502
40 1200 5076
41 1106 8309
42 1442 4645
43 1629 5226
44 1275 6304
45 1483 8617
46 1628 7878
47 646 5882
48 2446 5643
49 968 5215
50 849 5086
51 1130 5014
52 848 6125
53 1188 5675
54 1219 8614
55 979 6160
56 1042 5832
57 1436 4905
58 1176 5213
59 460 7239
60 619 6836
61 1209 5280
62 732 8404
63 832 6562
64 627 6323
65 980 5637
66 1085 6407
67 1189 5392
68 1205 6859
69 1251 7219
70 1943 5879
71 280 6126
72 1254 5828
73 2210 935
74 1573 6855
75 986 7366
76 1416 6555
77 1648 7905
78 2177 8580
79 1551 9210
80 743 8071
81 987 7453
82 1969 3088
83 2001 92
84 1161 6007
85 1359 8896
86 1753 8727
87 1673 9153
88 683 7724
89 399 7100
90 690 7629
91 310 9260
92 1916 8898
93 954 8358
94 1433 8980
95 977 8421
96 2188 1187
97 2146 7514
98 1515 8827
99 787 5812
100 1246 8084
